8.125	-91.875	0.0	0.0	0.0	0.03748341357212658
8.125	-90.875	0.0	0.0	0.0	0.03763050825831134
8.125	-89.875	0.0	0.0	0.0	0.03743807499143679
8.125	-88.875	0.0	0.0	0.0	0.03713591049301972
8.125	-87.875	0.0	0.0	0.0	0.03712960037502947
8.125	-86.875	0.0	0.0	0.0	0.037001648099039934
8.125	-85.875	0.0	0.0	0.0	0.03848395656383727
8.125	-84.875	0.0	0.0	0.0	0.04157222612358944
8.125	-83.875	0.0	0.0	0.0	0.06482715639557145
8.125	-82.875	0.0	0.0	0.0	0.3172257718963584
8.125	-81.875	0.0	0.0	0.0	0.8465431854117731
8.125	-80.875	0.0	0.0	0.0	2.1136358384684373
8.125	-79.875	0.0	0.0	0.0	0.5448192649187591
8.125	-78.875	0.0	0.0	0.0	0.5648244911761409
8.125	-77.875	0.0	0.0	0.0	0.94294130682229
8.125	-76.875	0.0	0.0	0.0	0.9499290008194275
8.125	-75.875	0.0	0.0	0.0	0.9051263202096382
8.125	-74.875	0.0	0.0	0.0	0.9832389411656457
8.125	-73.875	0.0	0.0	0.0	1.035911167331265
8.125	-72.875	0.0	0.0	0.0	0.9810002178739402
8.125	-71.875	0.0	0.0	0.0	0.8674217672409941
8.125	-70.875	0.0	0.0	0.0	0.9015392434157302
8.125	-69.875	0.0	0.0	0.0	0.8761890240288394
8.125	-68.875	0.0	0.0	0.0	0.9184245071196532
8.125	-67.875	0.0	0.0	0.0	0.953123925237924
8.125	-66.875	0.0	0.0	0.0	0.9618067732374086
8.125	-65.875	0.0	0.0	0.0	0.9602860711787848
8.125	-64.875	0.0	0.0	0.0	0.9541764470602713
8.625	-91.875	0.0	0.0	0.0	0.036113845635334506
8.625	-90.875	0.0	0.0	0.0	0.03608215641705116
8.625	-89.875	0.0	0.0	0.0	0.03606554244453164
8.625	-88.875	0.0	0.0	0.0	0.035745785048179414
8.625	-87.875	0.0	0.0	0.0	0.03576920560197336
8.625	-86.875	0.0	0.0	0.0	0.03603681249580556
8.625	-85.875	0.0	0.0	0.0	0.03658502074825524
8.625	-84.875	0.0	0.0	0.0	0.04006268358041481
8.625	-83.875	0.0	0.0	0.0	0.19991428698705116
8.625	-82.875	0.0	0.0	0.0	0.9029496799151059
8.625	-81.875	0.0	0.0	0.0	0.9065868952946844
8.625	-80.875	0.0	0.0	0.0	0.9082507779974675
8.625	-79.875	0.0	0.0	0.0	0.9043447626294888
8.625	-78.875	0.0	0.0	0.0	0.6066343427025096
8.625	-77.875	0.0	0.0	0.0	0.933325264458253
8.625	-76.875	0.0	0.0	0.0	0.3030293739009221
8.625	-75.875	0.0	0.0	0.0	0.7524849123578283
8.625	-74.875	0.0	0.0	0.0	0.8207399709092127
8.625	-73.875	0.0	0.0	0.0	0.9318653312914842
8.625	-72.875	0.0	0.0	0.0	0.9669901789766882
8.625	-71.875	0.0	0.0	0.0	0.808983009980888
8.625	-70.875	0.0	0.0	0.0	0.8974729064324791
8.625	-69.875	0.0	0.0	0.0	0.9009484196498811
8.625	-68.875	0.0	0.0	0.0	0.8705017583067779
8.625	-67.875	0.0	0.0	0.0	0.9181925665016262
8.625	-66.875	0.0	0.0	0.0	0.933861981605974
8.625	-65.875	0.0	0.0	0.0	0.9250968745184768
8.625	-64.875	0.0	0.0	0.0	0.9136598284251469
9.125	-91.875	0.0	0.0	0.0	0.0347059583835973
9.125	-90.875	0.0	0.0	0.0	0.03455913516387351
9.125	-89.875	0.0	0.0	0.0	0.03455977636055645
9.125	-88.875	0.0	0.0	0.0	0.03457000258997149
9.125	-87.875	0.0	0.0	0.0	0.03444977574894013
9.125	-86.875	0.0	0.0	0.0	0.03504808070212895
9.125	-85.875	0.0	0.0	0.0	0.03423804115052364
9.125	-84.875	0.0	0.0	0.0	0.03847157885377969
9.125	-83.875	0.0	0.0	0.0	0.529568289047346
9.125	-82.875	0.0	0.0	0.0	0.8699796061993385
9.125	-81.875	0.0	0.0	0.0	0.32314023358141847
9.125	-80.875	0.0	0.0	0.0	0.08262745051336003
9.125	-79.875	0.0	0.0	0.0	0.8713677983974116
9.125	-78.875	0.0	0.0	0.0	0.8701014016157745
9.125	-77.875	0.0	0.0	0.0	0.8993169243259992
9.125	-76.875	0.0	0.0	0.0	0.04857352169186212
9.125	-75.875	0.0	0.0	0.0	0.7250810264723111
9.125	-74.875	0.0	0.0	0.0	0.7908558719399325
9.125	-73.875	0.0	0.0	0.0	0.8979390207849398
9.125	-72.875	0.0	0.0	0.0	0.9317868125011675
9.125	-71.875	0.0	0.0	0.0	0.7795313076641331
9.125	-70.875	0.0	0.0	0.0	0.8647967294061318
9.125	-69.875	0.0	0.0	0.0	0.8681405591134896
9.125	-68.875	0.0	0.0	0.0	0.8387956119708087
9.125	-67.875	0.0	0.0	0.0	0.8847400295782981
9.125	-66.875	0.0	0.0	0.0	0.8998272422293883
9.125	-65.875	0.0	0.0	0.0	0.8913688351799247
9.125	-64.875	0.0	0.0	0.0	0.8803349606299644
9.625	-91.875	0.0	0.0	0.0	0.03343907160192439
9.625	-90.875	0.0	0.0	0.0	0.03329814135030263
9.625	-89.875	0.0	0.0	0.0	0.0332260370419625
9.625	-88.875	0.0	0.0	0.0	0.03331668231162888
9.625	-87.875	0.0	0.0	0.0	0.033338664839404356
9.625	-86.875	0.0	0.0	0.0	0.033327177590743565
9.625	-85.875	0.0	0.0	0.0	0.033090581356689124
9.625	-84.875	0.0	0.0	0.0	0.6193627053483306
9.625	-83.875	0.0	0.0	0.0	0.8229082399488039
9.625	-82.875	0.0	0.0	0.0	0.838724864315322
9.625	-81.875	0.0	0.0	0.0	0.04292053118139948
9.625	-80.875	0.0	0.0	0.0	0.04878883587227978
9.625	-79.875	0.0	0.0	0.0	0.0847420415155827
9.625	-78.875	0.0	0.0	0.0	0.23788891892114147
9.625	-77.875	0.0	0.0	0.0	0.04496610391168368
9.625	-76.875	0.0	0.0	0.0	0.03289790596458765
9.625	-75.875	0.0	0.0	0.0	0.1557890121262109
9.625	-74.875	0.0	0.0	0.0	0.7328687209269426
9.625	-73.875	0.0	0.0	0.0	0.793210334921285
9.625	-72.875	0.0	0.0	0.0	0.8985666335370618
9.625	-71.875	0.0	0.0	0.0	0.17880546656001442
9.625	-70.875	0.0	0.0	0.0	0.6803745192243863
9.625	-69.875	0.0	0.0	0.0	0.7388370760202492
9.625	-68.875	0.0	0.0	0.0	0.8726739059282704
9.625	-67.875	0.0	0.0	0.0	0.8666923933367857
9.625	-66.875	0.0	0.0	0.0	0.8608764428512248
9.625	-65.875	0.0	0.0	0.0	0.8089021901003168
9.625	-64.875	0.0	0.0	0.0	0.7283023480923301
10.125	-91.875	0.0	0.0	0.0	0.0322995739795015
10.125	-90.875	0.0	0.0	0.0	0.032085832153282555
10.125	-89.875	0.0	0.0	0.0	0.03202582517761427
10.125	-88.875	0.0	0.0	0.0	0.032128607047786036
10.125	-87.875	0.0	0.0	0.0	0.032430667397220544
10.125	-86.875	0.0	0.0	0.0	0.032160754810581484
10.125	-85.875	0.0	0.0	0.0	0.10460403308032006
10.125	-84.875	0.0	0.0	0.0	0.5003707032253788
10.125	-83.875	0.0	0.0	0.0	0.8339682740143025
10.125	-82.875	0.0	0.0	0.0	0.10452200702228895
10.125	-81.875	0.0	0.0	0.0	0.03447352762672868
10.125	-80.875	0.0	0.0	0.0	0.03162016751197662
10.125	-79.875	0.0	0.0	0.0	0.032071152178309394
10.125	-78.875	0.0	0.0	0.0	0.038477457753927295
10.125	-77.875	0.0	0.0	0.0	0.041505252904735446
10.125	-76.875	0.0	0.0	0.0	0.03112629321401181
10.125	-75.875	0.0	0.0	0.0	0.11650211866610682
10.125	-74.875	0.0	0.0	0.0	1.264497769632871
10.125	-73.875	0.0	0.0	0.0	1.3101475096559605
10.125	-72.875	0.0	0.0	0.0	0.7767627755858223
10.125	-71.875	0.0	0.0	0.0	0.1596091949056505
10.125	-70.875	0.0	0.0	0.0	0.6424235746978003
10.125	-69.875	0.0	0.0	0.0	0.7331764862957263
10.125	-68.875	0.0	0.0	0.0	0.8712457700592834
10.125	-67.875	0.0	0.0	0.0	0.8320668047305712
10.125	-66.875	0.0	0.0	0.0	0.7560472057663468
10.125	-65.875	0.0	0.0	0.0	0.7723950233214247
10.125	-64.875	0.0	0.0	0.0	0.1549768995230661
10.625	-91.875	0.0	0.0	0.0	0.03111039011494681
10.625	-90.875	0.0	0.0	0.0	0.030989561887685337
10.625	-89.875	0.0	0.0	0.0	0.030880999427092184
10.625	-88.875	0.0	0.0	0.0	0.03142954209675227
10.625	-87.875	0.0	0.0	0.0	0.031867803765354266
10.625	-86.875	0.0	0.0	0.0	0.031333074942528794
10.625	-85.875	0.0	0.0	0.0	0.5881076082782973
10.625	-84.875	0.0	0.0	0.0	0.8740193055271932
10.625	-83.875	0.0	0.0	0.0	0.9073510531257235
10.625	-82.875	0.0	0.0	0.0	0.04117028695583379
10.625	-81.875	0.0	0.0	0.0	0.031918055805265154
10.625	-80.875	0.0	0.0	0.0	0.030597510530297606
10.625	-79.875	0.0	0.0	0.0	0.03052947441652168
10.625	-78.875	0.0	0.0	0.0	0.030434802944594417
10.625	-77.875	0.0	0.0	0.0	0.03025237441181376
10.625	-76.875	0.0	0.0	0.0	0.03003696555969542
10.625	-75.875	0.0	0.0	0.0	0.032750379301087484
10.625	-74.875	0.0	0.0	0.0	1.2236869182452244
10.625	-73.875	0.0	0.0	0.0	1.2678949134131337
10.625	-72.875	0.0	0.0	0.0	0.763098923041887
10.625	-71.875	0.0	0.0	0.0	0.7326355852676731
10.625	-70.875	0.0	0.0	0.0	0.5960079366378782
10.625	-69.875	0.0	0.0	0.0	0.563820575986134
10.625	-68.875	0.0	0.0	0.0	0.620184607628037
10.625	-67.875	0.0	0.0	0.0	0.1770898419453044
10.625	-66.875	0.0	0.0	0.0	0.7314957304777233
10.625	-65.875	0.0	0.0	0.0	0.1757316623602138
10.625	-64.875	0.0	0.0	0.0	0.051975657351124145
11.125	-91.875	0.0	0.0	0.0	0.03010920336485228
11.125	-90.875	0.0	0.0	0.0	0.0300037168374604
11.125	-89.875	0.0	0.0	0.0	0.029953241034473603
11.125	-88.875	0.0	0.0	0.0	0.030079996325926533
11.125	-87.875	0.0	0.0	0.0	0.029517566305521877
11.125	-86.875	0.0	0.0	0.0	0.056117498398383266
11.125	-85.875	0.0	0.0	0.0	0.32058001735280195
11.125	-84.875	0.0	0.0	0.0	0.765873717090165
11.125	-83.875	0.0	0.0	0.0	0.8761944128104007
11.125	-82.875	0.0	0.0	0.0	0.03506213272326189
11.125	-81.875	0.0	0.0	0.0	0.030112705435133374
11.125	-80.875	0.0	0.0	0.0	0.029723013781861745
11.125	-79.875	0.0	0.0	0.0	0.029532180413843537
11.125	-78.875	0.0	0.0	0.0	0.029442196691291077
11.125	-77.875	0.0	0.0	0.0	0.029353361093137183
11.125	-76.875	0.0	0.0	0.0	0.029092809578683414
11.125	-75.875	0.0	0.0	0.0	0.030537847839312765
11.125	-74.875	0.0	0.0	0.0	0.07863651682143619
11.125	-73.875	0.0	0.0	0.0	1.2306267776851498
11.125	-72.875	0.0	0.0	0.0	0.649775561356739
11.125	-71.875	0.0	0.0	0.0	0.7111065361572503
11.125	-70.875	0.0	0.0	0.0	0.5784789774519169
11.125	-69.875	0.0	0.0	0.0	0.6554720221445562
11.125	-68.875	0.0	0.0	0.0	0.6018784017467265
11.125	-67.875	0.0	0.0	0.0	0.06049606810559044
11.125	-66.875	0.0	0.0	0.0	0.061441587305135006
11.125	-65.875	0.0	0.0	0.0	0.1068712288695988
11.125	-64.875	0.0	0.0	0.0	0.11424088216018012
11.625	-91.875	0.0	0.0	0.0	0.029221352173473505
11.625	-90.875	0.0	0.0	0.0	0.029098443283398896
11.625	-89.875	0.0	0.0	0.0	0.029085882174724933
11.625	-88.875	0.0	0.0	0.0	0.028838130007009626
11.625	-87.875	0.0	0.0	0.0	0.028972142248749225
11.625	-86.875	0.0	0.0	0.0	0.5046024845854793
11.625	-85.875	0.0	0.0	0.0	0.6283281298794697
11.625	-84.875	0.0	0.0	0.0	0.7449078993568792
11.625	-83.875	0.0	0.0	0.0	0.8524378805849341
11.625	-82.875	0.0	0.0	0.0	0.04201673281704896
11.625	-81.875	0.0	0.0	0.0	0.02965689715319864
11.625	-80.875	0.0	0.0	0.0	0.029568490062727052
11.625	-79.875	0.0	0.0	0.0	0.02903190542519277
11.625	-78.875	0.0	0.0	0.0	0.02864051785308149
11.625	-77.875	0.0	0.0	0.0	0.028555330865857754
11.625	-76.875	0.0	0.0	0.0	0.02836301013706793
11.625	-75.875	0.0	0.0	0.0	0.029140072168650413
11.625	-74.875	0.0	0.0	0.0	0.030030285377499705
11.625	-73.875	0.0	0.0	0.0	0.04440878424005029
11.625	-72.875	0.0	0.0	0.0	0.12946405798687405
11.625	-71.875	0.0	0.0	0.0	0.692879256620817
11.625	-70.875	0.0	0.0	0.0	0.15630502834143703
11.625	-69.875	0.0	0.0	0.0	0.6386125000516171
11.625	-68.875	0.0	0.0	0.0	0.09561073118959221
11.625	-67.875	0.0	0.0	0.0	0.03389805411196668
11.625	-66.875	0.0	0.0	0.0	0.03741321557837297
11.625	-65.875	0.0	0.0	0.0	0.05737405314860037
11.625	-64.875	0.0	0.0	0.0	0.03141612640261925
12.125	-91.875	0.0	0.0	0.0	0.029109437450546838
12.125	-90.875	0.0	0.0	0.0	0.028383810093051527
12.125	-89.875	0.0	0.0	0.0	0.02839195107815527
12.125	-88.875	0.0	0.0	0.0	0.02822763614117334
12.125	-87.875	0.0	0.0	0.0	0.10031156027716324
12.125	-86.875	0.0	0.0	0.0	0.49186955680848266
12.125	-85.875	0.0	0.0	0.0	0.6130841479125032
12.125	-84.875	0.0	0.0	0.0	0.7270149842665529
12.125	-83.875	0.0	0.0	0.0	0.8255737912877352
12.125	-82.875	0.0	0.0	0.0	0.1550310829133752
12.125	-81.875	0.0	0.0	0.0	0.06630972630028903
12.125	-80.875	0.0	0.0	0.0	0.028714459146107492
12.125	-79.875	0.0	0.0	0.0	0.030005825201020887
12.125	-78.875	0.0	0.0	0.0	0.027981678884206534
12.125	-77.875	0.0	0.0	0.0	0.027960575897438295
12.125	-76.875	0.0	0.0	0.0	0.02795812705607161
12.125	-75.875	0.0	0.0	0.0	0.02856382612696316
12.125	-74.875	0.0	0.0	0.0	0.029355052105575666
12.125	-73.875	0.0	0.0	0.0	0.031622619556201985
12.125	-72.875	0.0	0.0	0.0	0.057497070295662644
12.125	-71.875	0.0	0.0	0.0	0.6783905397083752
12.125	-70.875	0.0	0.0	0.0	0.15826639985704644
12.125	-69.875	0.0	0.0	0.0	0.6221542137226425
12.125	-68.875	0.0	0.0	0.0	0.06261995784999606
12.125	-67.875	0.0	0.0	0.0	0.03266818396693577
12.125	-66.875	0.0	0.0	0.0	0.06160005652592248
12.125	-65.875	0.0	0.0	0.0	0.04414142448673256
12.125	-64.875	0.0	0.0	0.0	0.030665587585243372
12.625	-91.875	0.0	0.0	0.0	0.027744197450497634
12.625	-90.875	0.0	0.0	0.0	0.02896747227068232
12.625	-89.875	0.0	0.0	0.0	0.028757270219322166
12.625	-88.875	0.0	0.0	0.0	0.21281680900865288
12.625	-87.875	0.0	0.0	0.0	0.4833499612435848
12.625	-86.875	0.0	0.0	0.0	0.6032325499041868
12.625	-85.875	0.0	0.0	0.0	0.7151744572888891
12.625	-84.875	0.0	0.0	0.0	0.7930501908679971
12.625	-83.875	0.0	0.0	0.0	0.8111983699361096
12.625	-82.875	0.0	0.0	0.0	0.23031718876863225
12.625	-81.875	0.0	0.0	0.0	0.07007870822168537
12.625	-80.875	0.0	0.0	0.0	0.03593396244467038
12.625	-79.875	0.0	0.0	0.0	0.027763482653234667
12.625	-78.875	0.0	0.0	0.0	0.02753934848040642
12.625	-77.875	0.0	0.0	0.0	0.027570877815976988
12.625	-76.875	0.0	0.0	0.0	0.02768123267884704
12.625	-75.875	0.0	0.0	0.0	0.028228644791836847
12.625	-74.875	0.0	0.0	0.0	0.028861533123827977
12.625	-73.875	0.0	0.0	0.0	0.0287423121323575
12.625	-72.875	0.0	0.0	0.0	0.02846278743738865
12.625	-71.875	0.0	0.0	0.0	0.07350698426678567
12.625	-70.875	0.0	0.0	0.0	0.1609922177909519
12.625	-69.875	0.0	0.0	0.0	0.10917196774100216
12.625	-68.875	0.0	0.0	0.0	0.030887244995702216
12.625	-67.875	0.0	0.0	0.0	0.02764785182699945
12.625	-66.875	0.0	0.0	0.0	0.02758242763492575
12.625	-65.875	0.0	0.0	0.0	0.028734581466207366
12.625	-64.875	0.0	0.0	0.0	0.028216224889006155
13.125	-91.875	0.0	0.0	0.0	0.029409094380700232
13.125	-90.875	0.0	0.0	0.0	0.035598942356064915
13.125	-89.875	0.0	0.0	0.0	0.18752069172717448
13.125	-88.875	0.0	0.0	0.0	0.5225037840515956
13.125	-87.875	0.0	0.0	0.0	0.5253042497485872
13.125	-86.875	0.0	0.0	0.0	0.7306000667704564
13.125	-85.875	0.0	0.0	0.0	0.7065709857494632
13.125	-84.875	0.0	0.0	0.0	0.780767125188313
13.125	-83.875	0.0	0.0	0.0	0.7958390345388794
13.125	-82.875	0.0	0.0	0.0	0.18127084422895542
13.125	-81.875	0.0	0.0	0.0	0.06216624953932496
13.125	-80.875	0.0	0.0	0.0	0.03297804477521618
13.125	-79.875	0.0	0.0	0.0	0.02762456871762229
13.125	-78.875	0.0	0.0	0.0	0.027276510597503745
13.125	-77.875	0.0	0.0	0.0	0.02732245100287464
13.125	-76.875	0.0	0.0	0.0	0.02756817063302605
13.125	-75.875	0.0	0.0	0.0	0.02790822979567961
13.125	-74.875	0.0	0.0	0.0	0.02818534112173286
13.125	-73.875	0.0	0.0	0.0	0.028272923424217077
13.125	-72.875	0.0	0.0	0.0	0.02821094551617653
13.125	-71.875	0.0	0.0	0.0	0.03206185562758964
13.125	-70.875	0.0	0.0	0.0	0.036542398270760536
13.125	-69.875	0.0	0.0	0.0	0.03380473287258813
13.125	-68.875	0.0	0.0	0.0	0.027779956005978282
13.125	-67.875	0.0	0.0	0.0	0.027384304431911626
13.125	-66.875	0.0	0.0	0.0	0.028773113178670814
13.125	-65.875	0.0	0.0	0.0	0.029081663606736446
13.125	-64.875	0.0	0.0	0.0	0.02717383512723374
13.625	-91.875	0.0	0.0	0.0	0.03503244841916641
13.625	-90.875	0.0	0.0	0.0	1.097169573305095
13.625	-89.875	0.0	0.0	0.0	1.1557322552546576
13.625	-88.875	0.0	0.0	0.0	0.6353671790751907
13.625	-87.875	0.0	0.0	0.0	0.6830864712944821
13.625	-86.875	0.0	0.0	0.0	0.7266153398053721
13.625	-85.875	0.0	0.0	0.0	0.7559710507382452
13.625	-84.875	0.0	0.0	0.0	0.7774412733201598
13.625	-83.875	0.0	0.0	0.0	0.7928769046707583
13.625	-82.875	0.0	0.0	0.0	0.17361766923478428
13.625	-81.875	0.0	0.0	0.0	0.07711597001450529
13.625	-80.875	0.0	0.0	0.0	0.04865218917610528
13.625	-79.875	0.0	0.0	0.0	0.07906900633828763
13.625	-78.875	0.0	0.0	0.0	0.028435493670707523
13.625	-77.875	0.0	0.0	0.0	0.02733390471823397
13.625	-76.875	0.0	0.0	0.0	0.02742328219459312
13.625	-75.875	0.0	0.0	0.0	0.02761179963972651
13.625	-74.875	0.0	0.0	0.0	0.027733091865170225
13.625	-73.875	0.0	0.0	0.0	0.0276152037075045
13.625	-72.875	0.0	0.0	0.0	0.027701141568999554
13.625	-71.875	0.0	0.0	0.0	0.027331065976374743
13.625	-70.875	0.0	0.0	0.0	0.02725633501751488
13.625	-69.875	0.0	0.0	0.0	0.02739919685042275
13.625	-68.875	0.0	0.0	0.0	0.028765438262511756
13.625	-67.875	0.0	0.0	0.0	0.02895536559903531
13.625	-66.875	0.0	0.0	0.0	0.02915432857261684
13.625	-65.875	0.0	0.0	0.0	0.028655723393334918
13.625	-64.875	0.0	0.0	0.0	0.027058284737925518
14.125	-91.875	0.0	0.0	0.0	1.1551556077886136
14.125	-90.875	0.0	0.0	0.0	1.4710432341745736
14.125	-89.875	0.0	0.0	0.0	1.3611877268787183
14.125	-88.875	0.0	0.0	0.0	0.6387967593677554
14.125	-87.875	0.0	0.0	0.0	0.6819765502084062
14.125	-86.875	0.0	0.0	0.0	0.7483316125941868
14.125	-85.875	0.0	0.0	0.0	0.7838721968096065
14.125	-84.875	0.0	0.0	0.0	0.7811921107702305
14.125	-83.875	0.0	0.0	0.0	0.7957032125930797
14.125	-82.875	0.0	0.0	0.0	0.1815460524389342
14.125	-81.875	0.0	0.0	0.0	0.14101399232363326
14.125	-80.875	0.0	0.0	0.0	0.06330601524617872
14.125	-79.875	0.0	0.0	0.0	0.032183490741223876
14.125	-78.875	0.0	0.0	0.0	0.029479077475014857
14.125	-77.875	0.0	0.0	0.0	0.028038350923152232
14.125	-76.875	0.0	0.0	0.0	0.027616480494247114
14.125	-75.875	0.0	0.0	0.0	0.02772561164338876
14.125	-74.875	0.0	0.0	0.0	0.027827390069334126
14.125	-73.875	0.0	0.0	0.0	0.027712771298458422
14.125	-72.875	0.0	0.0	0.0	0.02717954341587681
14.125	-71.875	0.0	0.0	0.0	0.0271502384973993
14.125	-70.875	0.0	0.0	0.0	0.027352934678823417
14.125	-69.875	0.0	0.0	0.0	0.027612821479189212
14.125	-68.875	0.0	0.0	0.0	0.028150765676896596
14.125	-67.875	0.0	0.0	0.0	0.02887167682552791
14.125	-66.875	0.0	0.0	0.0	0.029128440672610643
14.125	-65.875	0.0	0.0	0.0	0.02876996460949648
14.125	-64.875	0.0	0.0	0.0	0.027356272661034617
14.625	-91.875	0.0	0.0	0.0	0.603513340007605
14.625	-90.875	0.0	0.0	0.0	0.6895594869023243
14.625	-89.875	0.0	0.0	0.0	0.7554752130856942
14.625	-88.875	0.0	0.0	0.0	0.7871918696263605
14.625	-87.875	0.0	0.0	0.0	0.7843500259766042
14.625	-86.875	0.0	0.0	0.0	0.7853999778832462
14.625	-85.875	0.0	0.0	0.0	0.7901362602885018
14.625	-84.875	0.0	0.0	0.0	0.7662478815614521
14.625	-83.875	0.0	0.0	0.0	0.7865373300404698
14.625	-82.875	0.0	0.0	0.0	0.18408094021740137
14.625	-81.875	0.0	0.0	0.0	0.17600015205284203
14.625	-80.875	0.0	0.0	0.0	0.07045936266544293
14.625	-79.875	0.0	0.0	0.0	0.0336426963458524
14.625	-78.875	0.0	0.0	0.0	0.03023139879162156
14.625	-77.875	0.0	0.0	0.0	0.03461767318034781
14.625	-76.875	0.0	0.0	0.0	0.02789079434431603
14.625	-75.875	0.0	0.0	0.0	0.02794240677959357
14.625	-74.875	0.0	0.0	0.0	0.028064300827538618
14.625	-73.875	0.0	0.0	0.0	0.027874949893808065
14.625	-72.875	0.0	0.0	0.0	0.027743819626339407
14.625	-71.875	0.0	0.0	0.0	0.027655754571284514
14.625	-70.875	0.0	0.0	0.0	0.027591512840344477
14.625	-69.875	0.0	0.0	0.0	0.027953205643918046
14.625	-68.875	0.0	0.0	0.0	0.0284321288775981
14.625	-67.875	0.0	0.0	0.0	0.028746437358612185
14.625	-66.875	0.0	0.0	0.0	0.02959490830053532
14.625	-65.875	0.0	0.0	0.0	0.029217839461330376
14.625	-64.875	0.0	0.0	0.0	0.027956771053260318
15.125	-91.875	0.0	0.0	0.0	0.6993090022740094
15.125	-90.875	0.0	0.0	0.0	0.769783737045994
15.125	-89.875	0.0	0.0	0.0	0.7750653144413989
15.125	-88.875	0.0	0.0	0.0	0.8020556583872204
15.125	-87.875	0.0	0.0	0.0	0.7998482294767436
15.125	-86.875	0.0	0.0	0.0	0.7918419823757475
15.125	-85.875	0.0	0.0	0.0	0.8037584770128579
15.125	-84.875	0.0	0.0	0.0	0.783163923206682
15.125	-83.875	0.0	0.0	0.0	0.7452189749773642
15.125	-82.875	0.0	0.0	0.0	0.19639042265041964
15.125	-81.875	0.0	0.0	0.0	0.20403895363757923
15.125	-80.875	0.0	0.0	0.0	0.0729071189564456
15.125	-79.875	0.0	0.0	0.0	0.036874707193322614
15.125	-78.875	0.0	0.0	0.0	0.03330063799815687
15.125	-77.875	0.0	0.0	0.0	0.03435365650076996
15.125	-76.875	0.0	0.0	0.0	0.02852865630346827
15.125	-75.875	0.0	0.0	0.0	0.02862975233807136
15.125	-74.875	0.0	0.0	0.0	0.02889986492587548
15.125	-73.875	0.0	0.0	0.0	0.028917321101374422
15.125	-72.875	0.0	0.0	0.0	0.02847455243873835
15.125	-71.875	0.0	0.0	0.0	0.028383699971268092
15.125	-70.875	0.0	0.0	0.0	0.02858575005313885
15.125	-69.875	0.0	0.0	0.0	0.02847738278190733
15.125	-68.875	0.0	0.0	0.0	0.028528919664135576
15.125	-67.875	0.0	0.0	0.0	0.029145350648350908
15.125	-66.875	0.0	0.0	0.0	0.029794823318676736
15.125	-65.875	0.0	0.0	0.0	0.029835445116059837
15.125	-64.875	0.0	0.0	0.0	0.02889091938452867
15.625	-91.875	0.0	0.0	0.0	0.7170557864355622
15.625	-90.875	0.0	0.0	0.0	0.7901312592626394
15.625	-89.875	0.0	0.0	0.0	0.7963292697058796
15.625	-88.875	0.0	0.0	0.0	0.8248208371523331
15.625	-87.875	0.0	0.0	0.0	0.8132772812314575
15.625	-86.875	0.0	0.0	0.0	0.8156893391834168
15.625	-85.875	0.0	0.0	0.0	0.8285941585367269
15.625	-84.875	0.0	0.0	0.0	0.8079326178393176
15.625	-83.875	0.0	0.0	0.0	0.2220627487714492
15.625	-82.875	0.0	0.0	0.0	0.1945791296424194
15.625	-81.875	0.0	0.0	0.0	0.20194813900995343
15.625	-80.875	0.0	0.0	0.0	0.10751799720511918
15.625	-79.875	0.0	0.0	0.0	0.048950674174686876
15.625	-78.875	0.0	0.0	0.0	0.034049777017842724
15.625	-77.875	0.0	0.0	0.0	0.03556026419886196
15.625	-76.875	0.0	0.0	0.0	0.030277660472747946
15.625	-75.875	0.0	0.0	0.0	0.029884208484923246
15.625	-74.875	0.0	0.0	0.0	0.02958269597814992
15.625	-73.875	0.0	0.0	0.0	0.029954301462508978
15.625	-72.875	0.0	0.0	0.0	0.030710906665201532
15.625	-71.875	0.0	0.0	0.0	0.029328064624769366
15.625	-70.875	0.0	0.0	0.0	0.0296093952114989
15.625	-69.875	0.0	0.0	0.0	0.02935080506968431
15.625	-68.875	0.0	0.0	0.0	0.029368536120934166
15.625	-67.875	0.0	0.0	0.0	0.030172489071348955
15.625	-66.875	0.0	0.0	0.0	0.030637512068749866
15.625	-65.875	0.0	0.0	0.0	0.03031649944770581
15.625	-64.875	0.0	0.0	0.0	0.029837712649007423
16.125	-91.875	0.0	0.0	0.0	0.7510892937564905
16.125	-90.875	0.0	0.0	0.0	0.8167189927759245
16.125	-89.875	0.0	0.0	0.0	0.8209041830576437
16.125	-88.875	0.0	0.0	0.0	0.8641175045239524
16.125	-87.875	0.0	0.0	0.0	0.041794882491133035
16.125	-86.875	0.0	0.0	0.0	0.16534399373383635
16.125	-85.875	0.0	0.0	0.0	0.2974934911415072
16.125	-84.875	0.0	0.0	0.0	0.3064350697043659
16.125	-83.875	0.0	0.0	0.0	0.1717145510914427
16.125	-82.875	0.0	0.0	0.0	0.2000359763924091
16.125	-81.875	0.0	0.0	0.0	0.19994166068221675
16.125	-80.875	0.0	0.0	0.0	0.16229102528776265
16.125	-79.875	0.0	0.0	0.0	0.10985020269379789
16.125	-78.875	0.0	0.0	0.0	0.0612017942989836
16.125	-77.875	0.0	0.0	0.0	0.03509348685311533
16.125	-76.875	0.0	0.0	0.0	0.03633972413590654
16.125	-75.875	0.0	0.0	0.0	0.03166672692996337
16.125	-74.875	0.0	0.0	0.0	0.031997669616238775
16.125	-73.875	0.0	0.0	0.0	0.031307788590837764
16.125	-72.875	0.0	0.0	0.0	0.03096111501236439
16.125	-71.875	0.0	0.0	0.0	0.030970506170852778
16.125	-70.875	0.0	0.0	0.0	0.030843634185204805
16.125	-69.875	0.0	0.0	0.0	0.03073662568658164
16.125	-68.875	0.0	0.0	0.0	0.0308666622073838
16.125	-67.875	0.0	0.0	0.0	0.031216643404408304
16.125	-66.875	0.0	0.0	0.0	0.031505722051931265
16.125	-65.875	0.0	0.0	0.0	0.03144835812955729
16.125	-64.875	0.0	0.0	0.0	0.031340885773554525
16.625	-91.875	0.0	0.0	0.0	0.8619136893210717
16.625	-90.875	0.0	0.0	0.0	0.8536926169530571
16.625	-89.875	0.0	0.0	0.0	0.8588544175700683
16.625	-88.875	0.0	0.0	0.0	0.8631146165813476
16.625	-87.875	0.0	0.0	0.0	0.2354441406477753
16.625	-86.875	0.0	0.0	0.0	0.03184287563805936
16.625	-85.875	0.0	0.0	0.0	0.06085796035801294
16.625	-84.875	0.0	0.0	0.0	0.04359106384152265
16.625	-83.875	0.0	0.0	0.0	0.04485721950505133
16.625	-82.875	0.0	0.0	0.0	0.17476583252127595
16.625	-81.875	0.0	0.0	0.0	0.22180747491888175
16.625	-80.875	0.0	0.0	0.0	0.08808559279668464
16.625	-79.875	0.0	0.0	0.0	0.05818969042086693
16.625	-78.875	0.0	0.0	0.0	0.04526919460435025
16.625	-77.875	0.0	0.0	0.0	0.0453144825905911
16.625	-76.875	0.0	0.0	0.0	0.04525632764644714
16.625	-75.875	0.0	0.0	0.0	0.0479031266773696
16.625	-74.875	0.0	0.0	0.0	0.037392690554099786
16.625	-73.875	0.0	0.0	0.0	0.0326110786273423
16.625	-72.875	0.0	0.0	0.0	0.03290101958464772
16.625	-71.875	0.0	0.0	0.0	0.03630289923456363
16.625	-70.875	0.0	0.0	0.0	0.03250918958362208
16.625	-69.875	0.0	0.0	0.0	0.032717469525240246
16.625	-68.875	0.0	0.0	0.0	0.032970509652289995
16.625	-67.875	0.0	0.0	0.0	0.033250372999800645
16.625	-66.875	0.0	0.0	0.0	0.03334976599050826
16.625	-65.875	0.0	0.0	0.0	0.03279227446259027
16.625	-64.875	0.0	0.0	0.0	0.03285451255303367
17.125	-91.875	0.0	0.0	0.0	0.9077016599685188
17.125	-90.875	0.0	0.0	0.0	0.8998558994932017
17.125	-89.875	0.0	0.0	0.0	0.9060649811494186
17.125	-88.875	0.0	0.0	0.0	0.9112829092567665
17.125	-87.875	0.0	0.0	0.0	0.369966013605848
17.125	-86.875	0.0	0.0	0.0	0.03346045474159509
17.125	-85.875	0.0	0.0	0.0	0.03467702828877793
17.125	-84.875	0.0	0.0	0.0	0.03349096389511603
17.125	-83.875	0.0	0.0	0.0	0.04411468270588997
17.125	-82.875	0.0	0.0	0.0	0.05771092632001926
17.125	-81.875	0.0	0.0	0.0	0.052149756459233323
17.125	-80.875	0.0	0.0	0.0	0.08254152911197717
17.125	-79.875	0.0	0.0	0.0	0.06727337862134358
17.125	-78.875	0.0	0.0	0.0	0.07589967482055363
17.125	-77.875	0.0	0.0	0.0	0.15055255699908984
17.125	-76.875	0.0	0.0	0.0	0.04718482274782645
17.125	-75.875	0.0	0.0	0.0	0.04542887182337723
17.125	-74.875	0.0	0.0	0.0	0.04487827106461026
17.125	-73.875	0.0	0.0	0.0	0.03463777513829959
17.125	-72.875	0.0	0.0	0.0	0.03507039662267473
17.125	-71.875	0.0	0.0	0.0	0.034533103774908966
17.125	-70.875	0.0	0.0	0.0	0.03443252288613136
17.125	-69.875	0.0	0.0	0.0	0.03540006657578576
17.125	-68.875	0.0	0.0	0.0	0.036466535420068544
17.125	-67.875	0.0	0.0	0.0	0.03640930006517812
17.125	-66.875	0.0	0.0	0.0	0.03595461255266319
17.125	-65.875	0.0	0.0	0.0	0.03563367550927231
17.125	-64.875	0.0	0.0	0.0	0.03534034686735642
17.625	-91.875	0.0	0.0	0.0	0.8705068846095824
17.625	-90.875	0.0	0.0	0.0	0.8135071527689359
17.625	-89.875	0.0	0.0	0.0	0.634638116305942
17.625	-88.875	0.0	0.0	0.0	0.6596737509226025
17.625	-87.875	0.0	0.0	0.0	0.34671058097356644
17.625	-86.875	0.0	0.0	0.0	0.03559511480505955
17.625	-85.875	0.0	0.0	0.0	0.03633814910235546
17.625	-84.875	0.0	0.0	0.0	0.03735633136192381
17.625	-83.875	0.0	0.0	0.0	0.036429418681950494
17.625	-82.875	0.0	0.0	0.0	0.03888111287739797
17.625	-81.875	0.0	0.0	0.0	0.03655443188462055
17.625	-80.875	0.0	0.0	0.0	0.04999323315152229
17.625	-79.875	0.0	0.0	0.0	0.04359069286044892
17.625	-78.875	0.0	0.0	0.0	0.0858058924247174
17.625	-77.875	0.0	0.0	0.0	0.09160644548529388
17.625	-76.875	0.0	0.0	0.0	0.10119031458808117
17.625	-75.875	0.0	0.0	0.0	0.05173252087978047
17.625	-74.875	0.0	0.0	0.0	0.05445027280288158
17.625	-73.875	0.0	0.0	0.0	0.03725734877537072
17.625	-72.875	0.0	0.0	0.0	0.03784598531431183
17.625	-71.875	0.0	0.0	0.0	0.03784246529662744
17.625	-70.875	0.0	0.0	0.0	0.03758498192821662
17.625	-69.875	0.0	0.0	0.0	0.036751066913980744
17.625	-68.875	0.0	0.0	0.0	0.036907240211122024
17.625	-67.875	0.0	0.0	0.0	0.036734708780154834
17.625	-66.875	0.0	0.0	0.0	0.03665739116228658
17.625	-65.875	0.0	0.0	0.0	0.039264198140307384
17.625	-64.875	0.0	0.0	0.0	0.06168626495553137
18.125	-91.875	0.0	0.0	0.0	0.9537361856901007
18.125	-90.875	0.0	0.0	0.0	0.8912095813749511
18.125	-89.875	0.0	0.0	0.0	0.6846691132173033
18.125	-88.875	0.0	0.0	0.0	0.7122719150794032
18.125	-87.875	0.0	0.0	0.0	0.39455429153416577
18.125	-86.875	0.0	0.0	0.0	0.038089215415046875
18.125	-85.875	0.0	0.0	0.0	0.038644644004175846
18.125	-84.875	0.0	0.0	0.0	0.038569286081451215
18.125	-83.875	0.0	0.0	0.0	0.04035408760682464
18.125	-82.875	0.0	0.0	0.0	0.03980153247648115
18.125	-81.875	0.0	0.0	0.0	0.039293973965871816
18.125	-80.875	0.0	0.0	0.0	0.03956968696283789
18.125	-79.875	0.0	0.0	0.0	0.040734807900715424
18.125	-78.875	0.0	0.0	0.0	0.043151232590924855
18.125	-77.875	0.0	0.0	0.0	0.48582563827610137
18.125	-76.875	0.0	0.0	0.0	0.9560959268041525
18.125	-75.875	0.0	0.0	0.0	0.06331911258542763
18.125	-74.875	0.0	0.0	0.0	0.042911380026880025
18.125	-73.875	0.0	0.0	0.0	0.09199768571479387
18.125	-72.875	0.0	0.0	0.0	0.0817417882345449
18.125	-71.875	0.0	0.0	0.0	0.047982119203195436
18.125	-70.875	0.0	0.0	0.0	0.05748215454168587
18.125	-69.875	0.0	0.0	0.0	0.10312119699458117
18.125	-68.875	0.0	0.0	0.0	0.0776275791942856
18.125	-67.875	0.0	0.0	0.0	0.12949747069344045
18.125	-66.875	0.0	0.0	0.0	2.4032620133095723
18.125	-65.875	0.0	0.0	0.0	2.545499187131265
18.125	-64.875	0.0	0.0	0.0	0.04314363526934724
18.625	-91.875	0.0	0.0	0.0	0.16540484789655238
18.625	-90.875	0.0	0.0	0.0	0.9442141495481697
18.625	-89.875	0.0	0.0	0.0	0.8140775059651142
18.625	-88.875	0.0	0.0	0.0	0.7754297286226314
18.625	-87.875	0.0	0.0	0.0	0.9681026917864923
18.625	-86.875	0.0	0.0	0.0	0.051385319784943054
18.625	-85.875	0.0	0.0	0.0	0.04252834011450149
18.625	-84.875	0.0	0.0	0.0	0.04144261370609177
18.625	-83.875	0.0	0.0	0.0	0.07301636510043369
18.625	-82.875	0.0	0.0	0.0	0.043578959648810825
18.625	-81.875	0.0	0.0	0.0	0.043217863982995805
18.625	-80.875	0.0	0.0	0.0	0.042971127227559844
18.625	-79.875	0.0	0.0	0.0	0.04418173076306142
18.625	-78.875	0.0	0.0	0.0	0.04365590147693032
18.625	-77.875	0.0	0.0	0.0	0.04660487337109793
18.625	-76.875	0.0	0.0	0.0	0.04318017721151551
18.625	-75.875	0.0	0.0	0.0	0.04903380352943522
18.625	-74.875	0.0	0.0	0.0	0.059317796913618506
18.625	-73.875	0.0	0.0	0.0	1.0235670536902495
18.625	-72.875	0.0	0.0	0.0	0.07846250699241575
18.625	-71.875	0.0	0.0	0.0	2.221486523642338
18.625	-70.875	0.0	0.0	0.0	1.0607434669926652
18.625	-69.875	0.0	0.0	0.0	1.0836901959645857
18.625	-68.875	0.0	0.0	0.0	1.0413483997202502
18.625	-67.875	0.0	0.0	0.0	0.3474787473402427
18.625	-66.875	0.0	0.0	0.0	0.10864884924264764
18.625	-65.875	0.0	0.0	0.0	0.09415620841401373
18.625	-64.875	0.0	0.0	0.0	0.20914861378928468
19.125	-91.875	0.0	0.0	0.0	0.17454921567117987
19.125	-90.875	0.0	0.0	0.0	1.0627501446595635
19.125	-89.875	0.0	0.0	0.0	0.9867789444824978
19.125	-88.875	0.0	0.0	0.0	0.8530092541868809
19.125	-87.875	0.0	0.0	0.0	1.0473132981096516
19.125	-86.875	0.0	0.0	0.0	0.09474217640719118
19.125	-85.875	0.0	0.0	0.0	0.04665262818609028
19.125	-84.875	0.0	0.0	0.0	0.04603931157312093
19.125	-83.875	0.0	0.0	0.0	0.04696705973313639
19.125	-82.875	0.0	0.0	0.0	0.04620824099903188
19.125	-81.875	0.0	0.0	0.0	0.04577381206463644
19.125	-80.875	0.0	0.0	0.0	0.048709093633258135
19.125	-79.875	0.0	0.0	0.0	0.05139319586579341
19.125	-78.875	0.0	0.0	0.0	0.050361293174116153
19.125	-77.875	0.0	0.0	0.0	0.04920336720112538
19.125	-76.875	0.0	0.0	0.0	0.046522086036422765
19.125	-75.875	0.0	0.0	0.0	0.04984775935976772
19.125	-74.875	0.0	0.0	0.0	0.05351717887245288
19.125	-73.875	0.0	0.0	0.0	0.054929518770670316
19.125	-72.875	0.0	0.0	0.0	0.07768902455177706
19.125	-71.875	0.0	0.0	0.0	2.4094473334027655
19.125	-70.875	0.0	0.0	0.0	1.1504627912414631
19.125	-69.875	0.0	0.0	0.0	1.1752948433286599
19.125	-68.875	0.0	0.0	0.0	0.3269068120406392
19.125	-67.875	0.0	0.0	0.0	0.046563025155127655
19.125	-66.875	0.0	0.0	0.0	0.048344636126400636
19.125	-65.875	0.0	0.0	0.0	0.04887369529913624
19.125	-64.875	0.0	0.0	0.0	0.045916178995038116
19.625	-91.875	0.0	0.0	0.0	0.14266223040435994
19.625	-90.875	0.0	0.0	0.0	0.22849561782307068
19.625	-89.875	0.0	0.0	0.0	1.0705128086159996
19.625	-88.875	0.0	0.0	0.0	0.9256897640075322
19.625	-87.875	0.0	0.0	0.0	1.0508808644261085
19.625	-86.875	0.0	0.0	0.0	0.08348617401408846
19.625	-85.875	0.0	0.0	0.0	0.05020460087162003
19.625	-84.875	0.0	0.0	0.0	0.050270146562881715
19.625	-83.875	0.0	0.0	0.0	0.04982783066151294
19.625	-82.875	0.0	0.0	0.0	0.050216329782527144
19.625	-81.875	0.0	0.0	0.0	0.049247414352405115
19.625	-80.875	0.0	0.0	0.0	0.05255107509011767
19.625	-79.875	0.0	0.0	0.0	0.07068873550449856
19.625	-78.875	0.0	0.0	0.0	0.05377975849182423
19.625	-77.875	0.0	0.0	0.0	0.05350445335839685
19.625	-76.875	0.0	0.0	0.0	0.05522766065860335
19.625	-75.875	0.0	0.0	0.0	0.05398091094514147
19.625	-74.875	0.0	0.0	0.0	0.05099027527045519
19.625	-73.875	0.0	0.0	0.0	0.059742925616245356
19.625	-72.875	0.0	0.0	0.0	0.18414031878181522
19.625	-71.875	0.0	0.0	0.0	2.6206007128034607
19.625	-70.875	0.0	0.0	0.0	1.2512597245927881
19.625	-69.875	0.0	0.0	0.0	1.2782227554293655
19.625	-68.875	0.0	0.0	0.0	0.050830295053918506
19.625	-67.875	0.0	0.0	0.0	0.05712091368466174
19.625	-66.875	0.0	0.0	0.0	0.0569773605938674
19.625	-65.875	0.0	0.0	0.0	0.056505095665643996
19.625	-64.875	0.0	0.0	0.0	0.05621846833993736
20.125	-91.875	0.0	0.0	0.0	0.1993938541402708
20.125	-90.875	0.0	0.0	0.0	0.2387198549475337
20.125	-89.875	0.0	0.0	0.0	1.1416514660990968
20.125	-88.875	0.0	0.0	0.0	1.0455690295350935
20.125	-87.875	0.0	0.0	0.0	1.1698216456905695
20.125	-86.875	0.0	0.0	0.0	0.11007551182118956
20.125	-85.875	0.0	0.0	0.0	0.05435653518115416
20.125	-84.875	0.0	0.0	0.0	0.05494533136120483
20.125	-83.875	0.0	0.0	0.0	0.05451942117205268
20.125	-82.875	0.0	0.0	0.0	0.053558413457866695
20.125	-81.875	0.0	0.0	0.0	0.05494926936669938
20.125	-80.875	0.0	0.0	0.0	0.060521541318917675
20.125	-79.875	0.0	0.0	0.0	0.05665481661834803
20.125	-78.875	0.0	0.0	0.0	0.061021241367470544
20.125	-77.875	0.0	0.0	0.0	0.2769683995502853
20.125	-76.875	0.0	0.0	0.0	3.612082576206648
20.125	-75.875	0.0	0.0	0.0	3.5030024783740252
20.125	-74.875	0.0	0.0	0.0	2.8625429742201933
20.125	-73.875	0.0	0.0	0.0	0.07301451876273438
20.125	-72.875	0.0	0.0	0.0	0.26614922821983494
20.125	-71.875	0.0	0.0	0.0	0.061761285480789664
20.125	-70.875	0.0	0.0	0.0	0.05530935207960149
20.125	-69.875	0.0	0.0	0.0	0.05535454723677917
20.125	-68.875	0.0	0.0	0.0	0.06554416368449484
20.125	-67.875	0.0	0.0	0.0	0.05802214629577162
20.125	-66.875	0.0	0.0	0.0	0.05996115704380384
20.125	-65.875	0.0	0.0	0.0	0.0611537555980368
20.125	-64.875	0.0	0.0	0.0	0.06091954266523311
20.625	-91.875	0.0	0.0	0.0	0.212646804620377
20.625	-90.875	0.0	0.0	0.0	0.25320194163946075
20.625	-89.875	0.0	0.0	0.0	1.2937155471171677
20.625	-88.875	0.0	0.0	0.0	1.2669441851765626
20.625	-87.875	0.0	0.0	0.0	1.2075934073392465
20.625	-86.875	0.0	0.0	0.0	0.38796751573401705
20.625	-85.875	0.0	0.0	0.0	0.0646203734185572
20.625	-84.875	0.0	0.0	0.0	0.05950700485206462
20.625	-83.875	0.0	0.0	0.0	0.05981494189418726
20.625	-82.875	0.0	0.0	0.0	0.05981178793208348
20.625	-81.875	0.0	0.0	0.0	0.05955991853845443
20.625	-80.875	0.0	0.0	0.0	0.058790377857610564
20.625	-79.875	0.0	0.0	0.0	0.06492439307263789
20.625	-78.875	0.0	0.0	0.0	0.06442691103145474
20.625	-77.875	0.0	0.0	0.0	0.6113507459297571
20.625	-76.875	0.0	0.0	0.0	1.4209047691876415
20.625	-75.875	0.0	0.0	0.0	1.4425346618849948
20.625	-74.875	0.0	0.0	0.0	3.0240374085770547
20.625	-73.875	0.0	0.0	0.0	0.062024038622148045
20.625	-72.875	0.0	0.0	0.0	0.06453990190251133
20.625	-71.875	0.0	0.0	0.0	0.061427018419618
20.625	-70.875	0.0	0.0	0.0	0.06542482792642727
20.625	-69.875	0.0	0.0	0.0	0.0782767867520688
20.625	-68.875	0.0	0.0	0.0	0.060469971863910704
20.625	-67.875	0.0	0.0	0.0	0.06288149673564744
20.625	-66.875	0.0	0.0	0.0	0.06294689370883022
20.625	-65.875	0.0	0.0	0.0	0.06336407464327366
20.625	-64.875	0.0	0.0	0.0	0.06264085078133594
21.125	-91.875	0.0	0.0	0.0	0.24219339615598662
21.125	-90.875	0.0	0.0	0.0	0.2762131831086022
21.125	-89.875	0.0	0.0	0.0	1.439569503431324
21.125	-88.875	0.0	0.0	0.0	1.3823503605186684
21.125	-87.875	0.0	0.0	0.0	1.3176974184181265
21.125	-86.875	0.0	0.0	0.0	1.5027033364185265
21.125	-85.875	0.0	0.0	0.0	0.09255936340284848
21.125	-84.875	0.0	0.0	0.0	0.0632018812518265
21.125	-83.875	0.0	0.0	0.0	0.06407364877934715
21.125	-82.875	0.0	0.0	0.0	0.06474618522122451
21.125	-81.875	0.0	0.0	0.0	0.06530807581470988
21.125	-80.875	0.0	0.0	0.0	0.06456837858693912
21.125	-79.875	0.0	0.0	0.0	0.0645756318611435
21.125	-78.875	0.0	0.0	0.0	0.5567706640702166
21.125	-77.875	0.0	0.0	0.0	1.5741308861183614
21.125	-76.875	0.0	0.0	0.0	1.5510782077696685
21.125	-75.875	0.0	0.0	0.0	0.13180268198697095
21.125	-74.875	0.0	0.0	0.0	0.07170490868202861
21.125	-73.875	0.0	0.0	0.0	0.06887236987306558
21.125	-72.875	0.0	0.0	0.0	0.10794913438771721
21.125	-71.875	0.0	0.0	0.0	0.09583892932544205
21.125	-70.875	0.0	0.0	0.0	0.07713243219298321
21.125	-69.875	0.0	0.0	0.0	0.0653446423371429
21.125	-68.875	0.0	0.0	0.0	0.06966035709951619
21.125	-67.875	0.0	0.0	0.0	0.06950124880173394
21.125	-66.875	0.0	0.0	0.0	0.06852516755849637
21.125	-65.875	0.0	0.0	0.0	0.06898639028283211
21.125	-64.875	0.0	0.0	0.0	0.06837534474987225
21.625	-91.875	0.0	0.0	0.0	0.2643345010513459
21.625	-90.875	0.0	0.0	0.0	0.29374225374373086
21.625	-89.875	0.0	0.0	0.0	0.3148857735058888
21.625	-88.875	0.0	0.0	0.0	0.3285790686657477
21.625	-87.875	0.0	0.0	0.0	0.329115520488387
21.625	-86.875	0.0	0.0	0.0	0.465276510648405
21.625	-85.875	0.0	0.0	0.0	0.08904538979100332
21.625	-84.875	0.0	0.0	0.0	0.07790790869072807
21.625	-83.875	0.0	0.0	0.0	0.06982786170021572
21.625	-82.875	0.0	0.0	0.0	4.257730883862643
21.625	-81.875	0.0	0.0	0.0	0.5742509273906801
21.625	-80.875	0.0	0.0	0.0	0.1367817869481872
21.625	-79.875	0.0	0.0	0.0	0.20204067607397802
21.625	-78.875	0.0	0.0	0.0	0.41377042617676946
21.625	-77.875	0.0	0.0	0.0	1.8066130456448144
21.625	-76.875	0.0	0.0	0.0	0.10800739777001735
21.625	-75.875	0.0	0.0	0.0	0.07465853324394031
21.625	-74.875	0.0	0.0	0.0	0.0728925377753489
21.625	-73.875	0.0	0.0	0.0	0.07885818668797553
21.625	-72.875	0.0	0.0	0.0	0.13455898382959944
21.625	-71.875	0.0	0.0	0.0	0.9070825209664822
21.625	-70.875	0.0	0.0	0.0	0.09037756847084003
21.625	-69.875	0.0	0.0	0.0	0.07666226146856099
21.625	-68.875	0.0	0.0	0.0	0.07632566034683179
21.625	-67.875	0.0	0.0	0.0	0.07621450403363823
21.625	-66.875	0.0	0.0	0.0	0.07536460039582361
21.625	-65.875	0.0	0.0	0.0	0.07567464142982097
21.625	-64.875	0.0	0.0	0.0	0.07573447543004592
22.125	-91.875	0.0	0.0	0.0	0.27718056384808426
22.125	-90.875	0.0	0.0	0.0	0.3218508967937578
22.125	-89.875	0.0	0.0	0.0	0.34333345788045305
22.125	-88.875	0.0	0.0	0.0	0.34822619682447187
22.125	-87.875	0.0	0.0	0.0	0.19614110474603083
22.125	-86.875	0.0	0.0	0.0	0.40685888396786035
22.125	-85.875	0.0	0.0	0.0	0.12331394146188461
22.125	-84.875	0.0	0.0	0.0	0.12998066312212592
22.125	-83.875	0.0	0.0	0.0	0.5186263417352068
22.125	-82.875	0.0	0.0	0.0	0.5774508691687894
22.125	-81.875	0.0	0.0	0.0	0.5527118127016678
22.125	-80.875	0.0	0.0	0.0	1.957684859916778
22.125	-79.875	0.0	0.0	0.0	1.9885972277823905
22.125	-78.875	0.0	0.0	0.0	1.9972852624217525
22.125	-77.875	0.0	0.0	0.0	0.3020733264399205
22.125	-76.875	0.0	0.0	0.0	0.12800133559721608
22.125	-75.875	0.0	0.0	0.0	0.10673928916987759
22.125	-74.875	0.0	0.0	0.0	0.08086188546769726
22.125	-73.875	0.0	0.0	0.0	0.10366088567817375
22.125	-72.875	0.0	0.0	0.0	0.08903149279809001
22.125	-71.875	0.0	0.0	0.0	0.07829023667249153
22.125	-70.875	0.0	0.0	0.0	0.07897975637676667
22.125	-69.875	0.0	0.0	0.0	0.08346606654755595
22.125	-68.875	0.0	0.0	0.0	0.08355508791802962
22.125	-67.875	0.0	0.0	0.0	0.08306372638564667
22.125	-66.875	0.0	0.0	0.0	0.0834220229491896
22.125	-65.875	0.0	0.0	0.0	0.08334106908648
22.125	-64.875	0.0	0.0	0.0	0.08337886335039539
22.625	-91.875	0.0	0.0	0.0	0.07989012819383576
22.625	-90.875	0.0	0.0	0.0	0.15806585220108266
22.625	-89.875	0.0	0.0	0.0	0.36452089556898976
22.625	-88.875	0.0	0.0	0.0	0.3696043737601235
22.625	-87.875	0.0	0.0	0.0	0.3611812485816766
22.625	-86.875	0.0	0.0	0.0	0.3171959948290389
22.625	-85.875	0.0	0.0	0.0	0.145455150008021
22.625	-84.875	0.0	0.0	0.0	0.09239423996468825
22.625	-83.875	0.0	0.0	0.0	2.0609505475583787
22.625	-82.875	0.0	0.0	0.0	2.170208642234873
22.625	-81.875	0.0	0.0	0.0	0.33451409686486316
22.625	-80.875	0.0	0.0	0.0	2.1838771997481135
22.625	-79.875	0.0	0.0	0.0	2.2433109668561118
22.625	-78.875	0.0	0.0	0.0	0.3109828438291165
22.625	-77.875	0.0	0.0	0.0	0.18942136504735488
22.625	-76.875	0.0	0.0	0.0	0.25388141443130413
22.625	-75.875	0.0	0.0	0.0	0.24547841398127254
22.625	-74.875	0.0	0.0	0.0	0.09193102073351885
22.625	-73.875	0.0	0.0	0.0	2.6485360274534164
22.625	-72.875	0.0	0.0	0.0	0.09257911026526984
22.625	-71.875	0.0	0.0	0.0	0.08885532709827336
22.625	-70.875	0.0	0.0	0.0	0.08992849984048071
22.625	-69.875	0.0	0.0	0.0	0.09125367070121576
22.625	-68.875	0.0	0.0	0.0	0.09109494003940785
22.625	-67.875	0.0	0.0	0.0	0.09045900924997051
22.625	-66.875	0.0	0.0	0.0	0.09117191221980883
22.625	-65.875	0.0	0.0	0.0	0.0912642212509841
22.625	-64.875	0.0	0.0	0.0	0.09091342524136165
23.125	-91.875	0.0	0.0	0.0	0.08949028739843252
23.125	-90.875	0.0	0.0	0.0	0.08756002688398275
23.125	-89.875	0.0	0.0	0.0	0.26141173193260364
23.125	-88.875	0.0	0.0	0.0	0.402809606103378
23.125	-87.875	0.0	0.0	0.0	0.37442790496041817
23.125	-86.875	0.0	0.0	0.0	0.24021753133383345
23.125	-85.875	0.0	0.0	0.0	0.12146680204460963
23.125	-84.875	0.0	0.0	0.0	0.10108266746331868
23.125	-83.875	0.0	0.0	0.0	0.09601002831674846
23.125	-82.875	0.0	0.0	0.0	0.18265583615947378
23.125	-81.875	0.0	0.0	0.0	1.8651446125659283
23.125	-80.875	0.0	0.0	0.0	2.378655538610123
23.125	-79.875	0.0	0.0	0.0	0.22478940052239704
23.125	-78.875	0.0	0.0	0.0	0.20100979065127414
23.125	-77.875	0.0	0.0	0.0	0.2066357830394018
23.125	-76.875	0.0	0.0	0.0	0.24924043435015977
23.125	-75.875	0.0	0.0	0.0	0.22080055325413522
23.125	-74.875	0.0	0.0	0.0	0.27409359687533996
23.125	-73.875	0.0	0.0	0.0	0.10149185828647356
23.125	-72.875	0.0	0.0	0.0	0.0961181701974523
23.125	-71.875	0.0	0.0	0.0	0.0977711224243938
23.125	-70.875	0.0	0.0	0.0	0.09913333955325973
23.125	-69.875	0.0	0.0	0.0	0.09969483829115708
23.125	-68.875	0.0	0.0	0.0	0.09930988197759871
23.125	-67.875	0.0	0.0	0.0	0.09862354627908632
23.125	-66.875	0.0	0.0	0.0	0.09929217777326874
23.125	-65.875	0.0	0.0	0.0	0.09909789140497104
23.125	-64.875	0.0	0.0	0.0	0.09901974302388085
23.625	-91.875	0.0	0.0	0.0	0.09827064635907058
23.625	-90.875	0.0	0.0	0.0	0.09752738115447782
23.625	-89.875	0.0	0.0	0.0	0.10289884314935963
23.625	-88.875	0.0	0.0	0.0	0.43846907256494577
23.625	-87.875	0.0	0.0	0.0	0.41765249585403214
23.625	-86.875	0.0	0.0	0.0	0.17921750065987602
23.625	-85.875	0.0	0.0	0.0	0.09866749599432169
23.625	-84.875	0.0	0.0	0.0	0.09861558917759096
23.625	-83.875	0.0	0.0	0.0	0.10410712756678726
23.625	-82.875	0.0	0.0	0.0	0.11709076660852906
23.625	-81.875	0.0	0.0	0.0	0.11985737282929944
23.625	-80.875	0.0	0.0	0.0	0.13002090101782707
23.625	-79.875	0.0	0.0	0.0	0.29397077821017864
23.625	-78.875	0.0	0.0	0.0	0.23895078091860952
23.625	-77.875	0.0	0.0	0.0	0.26897082639880043
23.625	-76.875	0.0	0.0	0.0	0.13002572829860706
23.625	-75.875	0.0	0.0	0.0	0.2516597745214803
23.625	-74.875	0.0	0.0	0.0	0.1091617282401844
23.625	-73.875	0.0	0.0	0.0	0.10510204365028575
23.625	-72.875	0.0	0.0	0.0	0.10699848493036845
23.625	-71.875	0.0	0.0	0.0	0.10711324160877005
23.625	-70.875	0.0	0.0	0.0	0.1079521566889363
23.625	-69.875	0.0	0.0	0.0	0.10829696932548803
23.625	-68.875	0.0	0.0	0.0	0.10709507175099582
23.625	-67.875	0.0	0.0	0.0	0.10790721232992141
23.625	-66.875	0.0	0.0	0.0	0.10798664301433772
23.625	-65.875	0.0	0.0	0.0	0.10774877959825527
23.625	-64.875	0.0	0.0	0.0	0.10801686033808972
89.625	-91.875	0.0	0.0	0.0	0.38453002525137814
89.625	-90.875	0.0	0.0	0.0	0.38447773634886295
89.625	-89.875	0.0	0.0	0.0	0.38482321242815376
89.625	-88.875	0.0	0.0	0.0	0.3847853522195775
89.625	-87.875	0.0	0.0	0.0	0.3847472034955292
89.625	-86.875	0.0	0.0	0.0	0.3847087618548503
89.625	-85.875	0.0	0.0	0.0	0.38467548887451747
89.625	-84.875	0.0	0.0	0.0	0.3846395274141226
89.625	-83.875	0.0	0.0	0.0	0.384606347468009
89.625	-82.875	0.0	0.0	0.0	0.38500138240453025
89.625	-81.875	0.0	0.0	0.0	0.38497127612677967
89.625	-80.875	0.0	0.0	0.0	0.384521200700568
89.625	-79.875	0.0	0.0	0.0	0.384499255894409
89.625	-78.875	0.0	0.0	0.0	0.38448014204151565
89.625	-77.875	0.0	0.0	0.0	0.3844638660077544
89.625	-76.875	0.0	0.0	0.0	0.38445043364135123
89.625	-75.875	0.0	0.0	0.0	0.38443984976992546
89.625	-74.875	0.0	0.0	0.0	0.3844321181981207
89.625	-73.875	0.0	0.0	0.0	0.3836424826750528
89.625	-72.875	0.0	0.0	0.0	0.3836319565358656
89.625	-71.875	0.0	0.0	0.0	0.3836271398764434
89.625	-70.875	0.0	0.0	0.0	0.38362519095795095
89.625	-69.875	0.0	0.0	0.0	0.38264614925380036
89.625	-68.875	0.0	0.0	0.0	0.38266351554035627
89.625	-67.875	0.0	0.0	0.0	0.3830552445359917
89.625	-66.875	0.0	0.0	0.0	0.3826987943126097
89.625	-65.875	0.0	0.0	0.0	0.3827193459377594
89.625	-64.875	0.0	0.0	0.0	0.3827400251282262
