51.625	-9.875	0.0	0.0	0.0	2.6031841027777074
51.625	-8.875	0.0	0.0	0.0	2.574529545616709
51.625	-7.875	0.0	0.0	0.0	0.26546912470940354
51.625	-6.875	0.0	0.0	0.0	0.32488296960445767
51.625	-5.875	0.0	0.0	0.0	1.0284873710987552
51.625	-4.875	0.0	0.0	0.0	0.7252016525582397
52.125	-9.875	0.0	0.0	0.0	2.6042941839419584
52.125	-8.875	0.0	0.0	0.0	2.5999714351317547
52.125	-7.875	0.0	0.0	0.0	2.4345089266949587
52.125	-6.875	0.0	0.0	0.0	0.6542214867578944
52.125	-5.875	0.0	0.0	0.0	0.4035181019405277
52.125	-4.875	0.0	0.0	0.0	2.5476216882373954
52.625	-9.875	0.0	0.0	0.0	2.399079476560747
52.625	-8.875	0.0	0.0	0.0	2.657909456914279
52.625	-7.875	0.0	0.0	0.0	2.6423189923886095
52.625	-6.875	0.0	0.0	0.0	2.6367587712283105
52.625	-5.875	0.0	0.0	0.0	0.7601176093201257
52.625	-4.875	0.0	0.0	0.0	0.4797901692164595
53.125	-9.875	0.0	0.0	0.0	2.441542301703952
53.125	-8.875	0.0	0.0	0.0	2.7157837084147176
53.125	-7.875	0.0	0.0	0.0	2.6898697887463743
53.125	-6.875	0.0	0.0	0.0	2.674285536995437
53.125	-5.875	0.0	0.0	0.0	2.6934106468927337
53.125	-4.875	0.0	0.0	0.0	0.6445485751247424
53.625	-9.875	0.0	0.0	0.0	2.7450386045835127
53.625	-8.875	0.0	0.0	0.0	2.76292529216187
53.625	-7.875	0.0	0.0	0.0	2.736962665173063
53.625	-6.875	0.0	0.0	0.0	2.7215065509730003
53.625	-5.875	0.0	0.0	0.0	0.7181491421795709
53.625	-4.875	0.0	0.0	0.0	2.4627223458533636
54.125	-9.875	0.0	0.0	0.0	2.8080965428179265
54.125	-8.875	0.0	0.0	0.0	2.827069966806808
54.125	-7.875	0.0	0.0	0.0	2.786029570709361
54.125	-6.875	0.0	0.0	0.0	2.770706390118102
54.125	-5.875	0.0	0.0	0.0	2.776509763606567
54.125	-4.875	0.0	0.0	0.0	2.4945223411132336
54.625	-9.875	0.0	0.0	0.0	2.6049860361905983
54.625	-8.875	0.0	0.0	0.0	2.5762471685438877
54.625	-7.875	0.0	0.0	0.0	2.807467844308528
54.625	-6.875	0.0	0.0	0.0	2.8277840766083915
54.625	-5.875	0.0	0.0	0.0	2.8124528753148885
54.625	-4.875	0.0	0.0	0.0	1.8584632448427751
55.125	-9.875	0.0	0.0	0.0	1.1840876857535039
55.125	-8.875	0.0	0.0	0.0	2.6171735729189813
55.125	-7.875	0.0	0.0	0.0	2.8524916793639905
55.125	-6.875	0.0	0.0	0.0	2.873563110165348
55.125	-5.875	0.0	0.0	0.0	2.8693781846341895
55.125	-4.875	0.0	0.0	0.0	2.7993946004988075
89.625	-9.875	0.0	0.0	0.0	0.10799789652739336
89.625	-8.875	0.0	0.0	0.0	0.10804048705127693
89.625	-7.875	0.0	0.0	0.0	0.10808226014498934
89.625	-6.875	0.0	0.0	0.0	0.10812208579183366
89.625	-5.875	0.0	0.0	0.0	0.10816899246154545
89.625	-4.875	0.0	0.0	0.0	0.10820599392797421
