59.625	21.125	0.0	0.0	0.0	3.3170724000651877
59.625	22.125	0.0	0.0	0.0	3.5711708188496005
59.625	23.125	0.0	0.0	0.0	3.0965350318885565
59.625	24.125	0.0	0.0	0.0	3.49052317371424
59.625	25.125	0.0	0.0	0.0	3.692340169699006
59.625	26.125	0.0	0.0	0.0	3.370522887220381
59.625	27.125	0.0	0.0	0.0	2.1176738950013143
59.625	28.125	0.0	0.0	0.0	1.4175735056283059
59.625	29.125	0.0	0.0	0.0	1.598289132825495
59.625	30.125	0.0	0.0	0.0	2.180280581001153
59.625	31.125	0.0	0.0	0.0	2.138193300064645
60.125	21.125	0.0	0.0	0.0	3.0653932230379723
60.125	22.125	0.0	0.0	0.0	3.449333737013692
60.125	23.125	0.0	0.0	0.0	3.8801194929376126
60.125	24.125	0.0	0.0	0.0	3.813405266187388
60.125	25.125	0.0	0.0	0.0	3.693508188237829
60.125	26.125	0.0	0.0	0.0	3.4618143683104474
60.125	27.125	0.0	0.0	0.0	3.189592926790992
60.125	28.125	0.0	0.0	0.0	2.7614047334537077
60.125	29.125	0.0	0.0	0.0	2.3496668178639197
60.125	30.125	0.0	0.0	0.0	1.6232019033815044
60.125	31.125	0.0	0.0	0.0	1.2069588788959922
60.625	21.125	0.0	0.0	0.0	2.8256095362298623
60.625	22.125	0.0	0.0	0.0	4.119774216153007
60.625	23.125	0.0	0.0	0.0	4.083967251014727
60.625	24.125	0.0	0.0	0.0	3.8630232529833783
60.625	25.125	0.0	0.0	0.0	3.949762754217438
60.625	26.125	0.0	0.0	0.0	3.6211084124572857
60.625	27.125	0.0	0.0	0.0	2.391539797188322
60.625	28.125	0.0	0.0	0.0	3.4393793476429706
60.625	29.125	0.0	0.0	0.0	3.37027425732345
60.625	30.125	0.0	0.0	0.0	2.041032965611825
60.625	31.125	0.0	0.0	0.0	0.864684337766499
61.125	21.125	0.0	0.0	0.0	1.3557716578099515
61.125	22.125	0.0	0.0	0.0	1.6661952557368316
61.125	23.125	0.0	0.0	0.0	1.2816867336169582
61.125	24.125	0.0	0.0	0.0	1.1387101152373829
61.125	25.125	0.0	0.0	0.0	1.372056189752665
61.125	26.125	0.0	0.0	0.0	1.2882793259591956
61.125	27.125	0.0	0.0	0.0	3.3499051433711666
61.125	28.125	0.0	0.0	0.0	3.492755396559638
61.125	29.125	0.0	0.0	0.0	2.8594184265002216
61.125	30.125	0.0	0.0	0.0	1.0365342821034098
61.125	31.125	0.0	0.0	0.0	0.8604764421923435
61.625	21.125	0.0	0.0	0.0	1.0307586820416883
61.625	22.125	0.0	0.0	0.0	0.9081033692938649
61.625	23.125	0.0	0.0	0.0	0.8590848576275063
61.625	24.125	0.0	0.0	0.0	0.7619433557836792
61.625	25.125	0.0	0.0	0.0	0.7351638929242104
61.625	26.125	0.0	0.0	0.0	0.7662179177181861
61.625	27.125	0.0	0.0	0.0	0.8800493465545636
61.625	28.125	0.0	0.0	0.0	0.9226108122094292
61.625	29.125	0.0	0.0	0.0	0.9019339992111045
61.625	30.125	0.0	0.0	0.0	0.8507977291279525
61.625	31.125	0.0	0.0	0.0	0.8825472780095386
62.125	21.125	0.0	0.0	0.0	0.805795604394564
62.125	22.125	0.0	0.0	0.0	1.7766939435177966
62.125	23.125	0.0	0.0	0.0	2.4364353445472298
62.125	24.125	0.0	0.0	0.0	1.73985250613685
62.125	25.125	0.0	0.0	0.0	2.436833673846513
62.125	26.125	0.0	0.0	0.0	1.7030432105041617
62.125	27.125	0.0	0.0	0.0	1.930518374367612
62.125	28.125	0.0	0.0	0.0	1.075152268385957
62.125	29.125	0.0	0.0	0.0	1.0141891866086532
62.125	30.125	0.0	0.0	0.0	0.8697692861604
62.125	31.125	0.0	0.0	0.0	1.203151112963661
62.625	21.125	0.0	0.0	0.0	0.8021232235946141
62.625	22.125	0.0	0.0	0.0	1.4689098901757986
62.625	23.125	0.0	0.0	0.0	2.1666404425122234
62.625	24.125	0.0	0.0	0.0	2.493505920356471
62.625	25.125	0.0	0.0	0.0	2.6700340278055656
62.625	26.125	0.0	0.0	0.0	2.7240180266603895
62.625	27.125	0.0	0.0	0.0	3.039371246969876
62.625	28.125	0.0	0.0	0.0	1.7321306089992234
62.625	29.125	0.0	0.0	0.0	1.5838934245103902
62.625	30.125	0.0	0.0	0.0	2.8170271674090364
62.625	31.125	0.0	0.0	0.0	3.983899996573364
63.125	21.125	0.0	0.0	0.0	0.8127265582979423
63.125	22.125	0.0	0.0	0.0	1.190445309168061
63.125	23.125	0.0	0.0	0.0	1.1598547754126132
63.125	24.125	0.0	0.0	0.0	1.4847440359820905
63.125	25.125	0.0	0.0	0.0	3.660318318032018
63.125	26.125	0.0	0.0	0.0	3.8336476800812798
63.125	27.125	0.0	0.0	0.0	3.753283463574826
63.125	28.125	0.0	0.0	0.0	2.1321979641514583
63.125	29.125	0.0	0.0	0.0	4.255600697312696
63.125	30.125	0.0	0.0	0.0	4.481536847730154
63.125	31.125	0.0	0.0	0.0	4.291239268779629
63.625	21.125	0.0	0.0	0.0	0.9626656550969644
63.625	22.125	0.0	0.0	0.0	1.077705123438047
63.625	23.125	0.0	0.0	0.0	1.2427191015357517
63.625	24.125	0.0	0.0	0.0	1.3820367577705477
63.625	25.125	0.0	0.0	0.0	1.7000268049947789
63.625	26.125	0.0	0.0	0.0	2.179746414178418
63.625	27.125	0.0	0.0	0.0	2.229552763386448
63.625	28.125	0.0	0.0	0.0	1.9938982495836501
63.625	29.125	0.0	0.0	0.0	4.149338117482095
63.625	30.125	0.0	0.0	0.0	4.639605575356471
63.625	31.125	0.0	0.0	0.0	4.348426076453004
64.125	21.125	0.0	0.0	0.0	1.0152171361568025
64.125	22.125	0.0	0.0	0.0	1.1921759206742484
64.125	23.125	0.0	0.0	0.0	1.241581479747597
64.125	24.125	0.0	0.0	0.0	1.3446579314079599
64.125	25.125	0.0	0.0	0.0	1.5909488627900226
64.125	26.125	0.0	0.0	0.0	1.5089539800267937
64.125	27.125	0.0	0.0	0.0	1.7382672058976765
64.125	28.125	0.0	0.0	0.0	1.3626818355615802
64.125	29.125	0.0	0.0	0.0	3.625222460861398
64.125	30.125	0.0	0.0	0.0	4.675127893234377
64.125	31.125	0.0	0.0	0.0	4.351418225973881
64.625	21.125	0.0	0.0	0.0	1.0078664305802367
64.625	22.125	0.0	0.0	0.0	1.3507992429210203
64.625	23.125	0.0	0.0	0.0	1.133564781776124
64.625	24.125	0.0	0.0	0.0	1.0678156354878992
64.625	25.125	0.0	0.0	0.0	1.0661653924247079
64.625	26.125	0.0	0.0	0.0	0.7605981448832353
64.625	27.125	0.0	0.0	0.0	2.4890019605301372
64.625	28.125	0.0	0.0	0.0	2.8437422365495846
64.625	29.125	0.0	0.0	0.0	4.717350068664165
64.625	30.125	0.0	0.0	0.0	4.756888860832375
64.625	31.125	0.0	0.0	0.0	4.464000435505845
65.125	21.125	0.0	0.0	0.0	1.278979747437725
65.125	22.125	0.0	0.0	0.0	1.7830184412583636
65.125	23.125	0.0	0.0	0.0	1.4126798219183847
65.125	24.125	0.0	0.0	0.0	0.9398120314987946
65.125	25.125	0.0	0.0	0.0	0.774888344373601
65.125	26.125	0.0	0.0	0.0	0.8062661346372391
65.125	27.125	0.0	0.0	0.0	4.414883572569709
65.125	28.125	0.0	0.0	0.0	4.8517741186090495
65.125	29.125	0.0	0.0	0.0	4.836308311682273
65.125	30.125	0.0	0.0	0.0	4.709507764587769
65.125	31.125	0.0	0.0	0.0	4.513528383603416
65.625	21.125	0.0	0.0	0.0	2.058789785894407
65.625	22.125	0.0	0.0	0.0	2.7090718269370715
65.625	23.125	0.0	0.0	0.0	1.2658742795316391
65.625	24.125	0.0	0.0	0.0	0.8038804562284256
65.625	25.125	0.0	0.0	0.0	1.0337742067069526
65.625	26.125	0.0	0.0	0.0	4.329156755715898
65.625	27.125	0.0	0.0	0.0	4.91169949235043
65.625	28.125	0.0	0.0	0.0	4.877598411199571
65.625	29.125	0.0	0.0	0.0	4.888847467774082
65.625	30.125	0.0	0.0	0.0	4.876451246503743
65.625	31.125	0.0	0.0	0.0	4.5751380954750935
66.125	21.125	0.0	0.0	0.0	4.196330320380056
66.125	22.125	0.0	0.0	0.0	3.734382273106087
66.125	23.125	0.0	0.0	0.0	3.480580971665978
66.125	24.125	0.0	0.0	0.0	3.3339914932276224
66.125	25.125	0.0	0.0	0.0	3.775428910663546
66.125	26.125	0.0	0.0	0.0	4.528576313368218
66.125	27.125	0.0	0.0	0.0	4.921398463381011
66.125	28.125	0.0	0.0	0.0	3.850903149574971
66.125	29.125	0.0	0.0	0.0	3.8135636309803274
66.125	30.125	0.0	0.0	0.0	4.811577619505813
66.125	31.125	0.0	0.0	0.0	4.596051127185346
66.625	21.125	0.0	0.0	0.0	3.7208872637428696
66.625	22.125	0.0	0.0	0.0	3.6289484250259094
66.625	23.125	0.0	0.0	0.0	3.6170929146664603
66.625	24.125	0.0	0.0	0.0	3.6054606442405475
66.625	25.125	0.0	0.0	0.0	3.5962193266477027
66.625	26.125	0.0	0.0	0.0	3.600805831079111
66.625	27.125	0.0	0.0	0.0	3.685098342046726
66.625	28.125	0.0	0.0	0.0	3.6289452916348983
66.625	29.125	0.0	0.0	0.0	3.6523423343918466
66.625	30.125	0.0	0.0	0.0	4.685124688302979
66.625	31.125	0.0	0.0	0.0	4.667713740900127
67.125	21.125	0.0	0.0	0.0	3.640115169086546
67.125	22.125	0.0	0.0	0.0	3.6550721210807677
67.125	23.125	0.0	0.0	0.0	3.6446319800644758
67.125	24.125	0.0	0.0	0.0	3.6465588791851653
67.125	25.125	0.0	0.0	0.0	3.630222229641895
67.125	26.125	0.0	0.0	0.0	3.620184836160343
67.125	27.125	0.0	0.0	0.0	3.6082982492097706
67.125	28.125	0.0	0.0	0.0	4.415362789015488
67.125	29.125	0.0	0.0	0.0	4.4865783492808715
67.125	30.125	0.0	0.0	0.0	4.703392481279325
67.125	31.125	0.0	0.0	0.0	4.514387898455263
67.625	21.125	0.0	0.0	0.0	3.5849822508026024
67.625	22.125	0.0	0.0	0.0	3.6966447913675813
67.625	23.125	0.0	0.0	0.0	3.6832264327148825
67.625	24.125	0.0	0.0	0.0	4.009590142011469
67.625	25.125	0.0	0.0	0.0	3.496746248241109
67.625	26.125	0.0	0.0	0.0	2.7036728797754463
67.625	27.125	0.0	0.0	0.0	3.833770938507229
67.625	28.125	0.0	0.0	0.0	4.977674234208684
67.625	29.125	0.0	0.0	0.0	4.786553308614925
67.625	30.125	0.0	0.0	0.0	4.79231938178787
67.625	31.125	0.0	0.0	0.0	4.75594094935137
68.125	21.125	0.0	0.0	0.0	3.7550559544395345
68.125	22.125	0.0	0.0	0.0	3.749552220397865
68.125	23.125	0.0	0.0	0.0	3.746607261592876
68.125	24.125	0.0	0.0	0.0	3.0555333555656117
68.125	25.125	0.0	0.0	0.0	3.232039549031589
68.125	26.125	0.0	0.0	0.0	0.8468086532486389
68.125	27.125	0.0	0.0	0.0	0.924979583412638
68.125	28.125	0.0	0.0	0.0	0.9474761542035272
68.125	29.125	0.0	0.0	0.0	4.722959180889665
68.125	30.125	0.0	0.0	0.0	4.83209382518445
68.125	31.125	0.0	0.0	0.0	4.751807254995073
68.625	21.125	0.0	0.0	0.0	3.779379597498387
68.625	22.125	0.0	0.0	0.0	3.7738279221880364
68.625	23.125	0.0	0.0	0.0	3.7725824071805194
68.625	24.125	0.0	0.0	0.0	3.7307416129465145
68.625	25.125	0.0	0.0	0.0	0.864383688759108
68.625	26.125	0.0	0.0	0.0	0.8221411469359802
68.625	27.125	0.0	0.0	0.0	1.3613517310827685
68.625	28.125	0.0	0.0	0.0	0.8102801897561539
68.625	29.125	0.0	0.0	0.0	3.192813142738255
68.625	30.125	0.0	0.0	0.0	3.2396925284270304
68.625	31.125	0.0	0.0	0.0	3.2326652684252375
69.125	21.125	0.0	0.0	0.0	3.797539043572556
69.125	22.125	0.0	0.0	0.0	3.7748835936797254
69.125	23.125	0.0	0.0	0.0	3.766879507929987
69.125	24.125	0.0	0.0	0.0	3.747674348737946
69.125	25.125	0.0	0.0	0.0	1.3078572977284146
69.125	26.125	0.0	0.0	0.0	0.7805949183608833
69.125	27.125	0.0	0.0	0.0	1.0486389631046116
69.125	28.125	0.0	0.0	0.0	2.2158066971332397
69.125	29.125	0.0	0.0	0.0	2.652633001465247
69.125	30.125	0.0	0.0	0.0	2.846242632752043
69.125	31.125	0.0	0.0	0.0	3.985754187517514
69.625	21.125	0.0	0.0	0.0	4.035248868169253
69.625	22.125	0.0	0.0	0.0	3.903245303280344
69.625	23.125	0.0	0.0	0.0	3.8382520909425333
69.625	24.125	0.0	0.0	0.0	3.790362702030403
69.625	25.125	0.0	0.0	0.0	3.71513318148503
69.625	26.125	0.0	0.0	0.0	0.774555556957324
69.625	27.125	0.0	0.0	0.0	0.7859958502809299
69.625	28.125	0.0	0.0	0.0	2.3822484829344637
69.625	29.125	0.0	0.0	0.0	2.8339209496263784
69.625	30.125	0.0	0.0	0.0	2.9962126600397547
69.625	31.125	0.0	0.0	0.0	3.73631604383939
70.125	21.125	0.0	0.0	0.0	1.255571442089102
70.125	22.125	0.0	0.0	0.0	4.646361736786792
70.125	23.125	0.0	0.0	0.0	4.122114318826257
70.125	24.125	0.0	0.0	0.0	3.675544833380871
70.125	25.125	0.0	0.0	0.0	2.0461145006183723
70.125	26.125	0.0	0.0	0.0	0.7884626326340013
70.125	27.125	0.0	0.0	0.0	0.8624282443822161
70.125	28.125	0.0	0.0	0.0	2.432374300842853
70.125	29.125	0.0	0.0	0.0	2.8060588915064866
70.125	30.125	0.0	0.0	0.0	4.045995555606326
70.125	31.125	0.0	0.0	0.0	1.2401872798266071
70.625	21.125	0.0	0.0	0.0	0.8758431264105622
70.625	22.125	0.0	0.0	0.0	4.095626328208383
70.625	23.125	0.0	0.0	0.0	4.170141271196
70.625	24.125	0.0	0.0	0.0	3.600735537877501
70.625	25.125	0.0	0.0	0.0	1.4881167963591997
70.625	26.125	0.0	0.0	0.0	0.8641288181534894
70.625	27.125	0.0	0.0	0.0	1.22261354099891
70.625	28.125	0.0	0.0	0.0	2.445211940078353
70.625	29.125	0.0	0.0	0.0	3.741980632585654
70.625	30.125	0.0	0.0	0.0	4.025006247737666
70.625	31.125	0.0	0.0	0.0	1.1208441871539903
89.625	21.125	0.0	0.0	0.0	0.108359656885734
89.625	22.125	0.0	0.0	0.0	0.10840171559680357
89.625	23.125	0.0	0.0	0.0	0.10859589327744718
89.625	24.125	0.0	0.0	0.0	0.10814941564730798
89.625	25.125	0.0	0.0	0.0	0.10819098939486602
89.625	26.125	0.0	0.0	0.0	0.10808236645376773
89.625	27.125	0.0	0.0	0.0	0.10861016846066462
89.625	28.125	0.0	0.0	0.0	0.10865140431957773
89.625	29.125	0.0	0.0	0.0	0.108692460139988
89.625	30.125	0.0	0.0	0.0	0.10843500328005745
89.625	31.125	0.0	0.0	0.0	0.10833019476518584
